0.00109696388245
0.00654792785645
0.00784182548523
0.000910997390747
0.0111031532288
0.00136613845825
0.00636386871338
0.00790691375732
0.00105381011963
0.00686407089233
0.00327086448669
0.00908303260803
0.00520086288452
0.00840187072754
0.00813102722168
0.00852012634277
0.010803937912
0.00859498977661
0.00743889808655
0.00975704193115
0.00665187835693
0.00711488723755
0.00827789306641
0.00540399551392
0.00663590431213
0.0053391456604
0.0118060112
0.00549292564392
0.000130891799927
0.000535011291504
0.000584125518799
0.0067150592804
0.0108721256256
0.00552201271057
0.000511884689331
0.00567317008972
0.00621891021729
0.00323414802551
0.00535297393799
0.00491714477539
0.00961399078369
0.00866508483887
0.00769519805908
0.000623941421509
0.00374293327332
0.00949096679688
0.00562191009521
7.91549682617e-05
0.000341176986694
0.00324296951294
0.000347137451172
0.00512790679932
0.00466203689575
0.000513076782227
0.00620794296265
0.00546312332153
0.00449514389038
0.00610399246216
0.00474405288696
0.00706601142883
0.000144004821777
0.00848078727722
0.00377297401428
0.00482892990112
0.00587010383606
0.0059700012207
0.00719094276428
0.00467610359192
0.00296711921692
0.000617027282715
0.00614809989929
0.00433683395386
0.00574779510498
0.00312495231628
0.00496983528137
0.00599098205566
0.00510311126709
0.00535893440247
0.00558280944824
0.00622701644897
0.00660014152527
0.00542187690735
0.00444912910461
0.00508093833923
0.00412487983704
8.70227813721e-05
0.0060830116272
0.00321102142334
0.00392198562622
0.00336503982544
0.000431060791016
0.00342583656311
0.00549483299255
0.000464916229248
0.00719499588013
0.00632905960083
0.00322699546814
8.10623168945e-05
0.000349998474121
0.00334692001343
0.00700306892395
0.000442981719971
0.000486135482788
0.000424861907959
0.00727510452271
0.00321412086487
0.00433993339539
7.9870223999e-05
0.000353097915649
0.00557208061218
0.000617027282715
0.000624895095825
0.00685095787048
0.00554919242859
0.00424194335938
0.00506496429443
0.00692009925842
0.00506711006165
0.00552296638489
0.0037579536438
0.00495100021362
0.00887107849121
0.00359296798706
0.00405406951904
0.00531506538391
0.00541400909424
0.000545024871826
0.00557780265808
0.00332093238831
0.00588822364807
0.00391793251038
0.00468611717224
0.00425481796265
0.00640511512756
0.00327396392822
0.00741195678711
0.00539898872375
0.000408172607422
0.00432801246643
0.00625610351562
0.00338506698608
0.00582718849182
8.10623168945e-05
0.000340938568115
0.00499296188354
0.000349998474121
0.000465869903564
0.00791192054749
0.000695943832397
0.000627994537354
0.00565314292908
0.00337600708008
0.00495314598083
0.00427508354187
0.00583696365356
0.000460147857666
0.00599908828735
0.00547790527344
0.0057578086853
0.00515794754028
0.00428509712219
0.000609874725342
0.00462007522583
0.00555181503296
0.00181889533997
0.00082802772522
0.00610780715942
0.00582003593445
0.00270009040833
0.00423789024353
0.00634002685547
0.00393509864807
0.00445795059204
0.00526809692383
0.00517106056213
0.00652194023132
0.00326895713806
0.00053596496582
0.00542187690735
9.01222229004e-05
0.00419402122498
0.00426506996155
0.00376605987549
0.000513076782227
0.00311899185181
0.00140190124512
0.00386810302734
0.00373601913452
0.0041401386261
0.000750064849854
0.0119369029999
0.00403094291687
0.00374388694763
0.00548791885376
0.00460290908813
0.0001060962677
0.00049090385437
0.00445294380188
0.00672698020935
0.00341892242432
0.000661849975586
0.00714302062988
0.00628519058228
0.00559997558594
0.00499510765076
0.0033221244812
0.00596499443054
0.00415706634521
0.00511908531189
0.00432419776917
0.00622701644897
0.00545215606689
0.00482201576233
0.00450301170349
0.00649189949036
0.000514030456543
0.00422692298889
0.0054829120636
0.00390195846558
0.00044584274292
0.00293397903442
0.00603008270264
0.00286602973938
0.00268912315369
0.000613212585449
0.00409388542175
0.0033700466156
0.00610899925232
0.00332307815552
0.00548601150513
0.00649094581604
0.00539588928223
0.000107049942017
0.000379085540771
0.000543832778931
0.00601506233215
0.000471115112305
0.00396203994751
0.00593614578247
0.00374007225037
7.91549682617e-05
0.00648403167725
0.00479102134705
0.00557017326355
0.00296306610107
0.000477075576782
0.000409841537476
0.00650119781494
0.000481128692627
0.00356197357178
0.00467205047607
0.00316500663757
0.00049901008606
0.00604200363159
0.00407004356384
0.00359511375427
0.00529503822327
0.00531983375549
0.00498700141907
0.00332617759705
0.00479102134705
0.000654220581055
0.00545382499695
0.00653505325317
0.00618410110474
0.00417900085449
0.00682210922241
0.00472784042358
0.00630497932434
0.00531601905823
0.00817894935608
0.00576901435852
0.00726699829102
0.00241899490356
9.29832458496e-05
0.00319480895996
0.000992059707642
0.00368809700012
0.000492095947266
0.00299310684204
0.00102400779724
0.00315093994141
0.00476694107056
0.00677609443665
0.0041241645813
0.0070629119873
0.00010085105896
0.00408005714417
0.000494003295898
0.00388503074646
0.00485897064209
0.000400066375732
0.00679588317871
0.00498700141907
0.00896501541138
0.00506281852722
0.00459289550781
0.00525093078613
0.00601005554199
9.60826873779e-05
0.00482392311096
0.000343084335327
0.00579905509949
0.0042839050293
0.00244307518005
0.00301003456116
0.00468397140503
0.00486302375793
0.00328397750854
0.00605297088623
0.00455093383789
0.000372886657715
0.00645017623901
0.00513887405396
0.00316286087036
0.00493192672729
0.00717711448669
0.000105142593384
0.000540018081665
0.00464606285095
0.0028510093689
0.000510931015015
0.00411796569824
0.0040180683136
0.00240898132324
0.00436902046204
0.00510597229004
0.00680994987488
0.0043740272522
0.00735282897949
0.000113964080811
0.00471115112305
0.00691413879395
0.000751972198486
0.00446796417236
0.00060510635376
0.00551199913025
0.006108045578
0.00112080574036
0.00540494918823
0.000370025634766
0.00293493270874
0.00499510765076
0.00410413742065
0.00468492507935
0.00510215759277
0.0038378238678
0.000792026519775
0.00748300552368
0.00395202636719
0.00420689582825
0.00455498695374
0.00405597686768
0.0047779083252
0.00318288803101
0.00344610214233
0.00503301620483
0.00509190559387
0.00408411026001
0.000350952148438
0.00615000724792
0.00335597991943
0.00575304031372
0.00320982933044
0.00494694709778
0.00415015220642
0.00390100479126
0.000683069229126
0.00431299209595
0.00592017173767
0.00665211677551
0.00374102592468
0.00712513923645
0.00455689430237
0.000544786453247
0.00432896614075
0.000531911849976
0.00370311737061
0.000437021255493
0.00255799293518
0.00840401649475
0.0026330947876
0.000102996826172
0.000486850738525
0.00453495979309
0.00058913230896
0.00112700462341
0.00220394134521
0.00336599349976
0.00618600845337
0.00316309928894
0.00502300262451
0.00531983375549
0.00455188751221
0.00273394584656
0.00506496429443
0.00430083274841
0.000101089477539
0.000407934188843
0.0053551197052
0.000471830368042
0.00497579574585
8.79764556885e-05
0.00272583961487
0.000317096710205
0.000543117523193
0.000592947006226
0.00313591957092
0.00365304946899
0.00349688529968
0.00358080863953
0.00418400764465
0.0038890838623
0.00550699234009
0.00397205352783
0.00565409660339
9.01222229004e-05
0.000393867492676
0.00416803359985
0.00419497489929
0.00265312194824
0.000393867492676
0.00488615036011
0.000532150268555
0.00369191169739
0.00406408309937
0.000976085662842
0.0052638053894
0.00386500358582
0.00524592399597
0.000746965408325
0.000367164611816
0.000603199005127
0.000962972640991
0.00595593452454
0.000852108001709
0.000581979751587
0.000481128692627
0.00407099723816
0.00123190879822
0.000138998031616
0.0040009021759
0.00211095809937
0.00142884254456
0.00533390045166
0.0105969905853
0.00395011901855
0.00154185295105
0.000594139099121
0.0060441493988
0.000319004058838
0.000529050827026
0.000473976135254
0.00541496276855
0.00411891937256
0.00243806838989
0.00661396980286
0.00479102134705
0.00413298606873
0.000503063201904
0.00562191009521
0.00351810455322
0.00365018844604
0.00403380393982
0.0087628364563
0.000141143798828
9.79900360107e-05
4.41074371338e-05
6.38961791992e-05
0.00588011741638
0.000211954116821
0.000106811523438
0.000396966934204
0.0011670589447
0.0163230895996
0.0112099647522
8.20159912109e-05
0.00167608261108
0.000119924545288
0.00128102302551
0.0001540184021
0.00032901763916
0.000787019729614
7.70092010498e-05
0.000123023986816
0.000119924545288
0.00043797492981
0.0109839439392
0.000890970230103
0.00047492980957
0.000481843948364
0.000344038009644
0.000358104705811
0.000555038452148
0.00559711456299
0.000323057174683
0.000419855117798
0.0001380443573
5.79357147217e-05
0.000226974487305
0.000249862670898
9.08374786377e-05
7.79628753662e-05
0.00010085105896
9.41753387451e-05
0.00175786018372
0.010705947876
0.000122785568237
0.00450015068054
0.000119924545288
0.000105142593384
0.000391006469727
0.000671148300171
0.00330996513367
0.00147795677185
0.000599145889282
0.000356912612915
0.00927996635437
0.00671410560608
0.0120599269867
0.00071907043457
0.000370025634766
0.000169992446899
0.000617027282715
0.00044322013855
0.00288510322571
0.0184669494629
0.00759601593018
0.000565052032471
0.00427103042603
0.00299715995789
0.014867067337
0.000372886657715
0.000116109848022
0.000466823577881
0.000104904174805
0.000632047653198
0.00437688827515
0.0187149047852
0.00204706192017
0.0125510692596
0.000150203704834
0.0101079940796
0.000471830368042
0.000170946121216
7.70092010498e-05
4.91142272949e-05
0.000125885009766
0.00860595703125
0.000158071517944
9.58442687988e-05
0.000190019607544
9.29832458496e-05
0.000108003616333
0.00048303604126
0.00224900245667
0.000344038009644
0.000806093215942
0.00134801864624
0.00308799743652
0.00010085105896
0.00030517578125
0.000694990158081
0.00167512893677
0.000111103057861
0.00557994842529
0.000123023986816
0.000149965286255
9.3936920166e-05
0.00014591217041
0.000118970870972
8.48770141602e-05
0.000185012817383
0.000260829925537
8.08238983154e-05
0.00938200950623
8.70227813721e-05
0.00011682510376
0.000113964080811
8.32080841064e-05
0.000288963317871
0.000491142272949
0.000408172607422
0.000993967056274
0.000447034835815
0.000442981719971
0.000643968582153
0.000126123428345
0.000648975372314
0.00147795677185
0.000392913818359
0.000417947769165
0.0011100769043
0.00147390365601
0.000132083892822
0.000144004821777
0.000102043151855
9.08374786377e-05
9.29832458496e-05
0.000118970870972
0.000488042831421
0.000569105148315
0.00040602684021
0.00127100944519
0.00209403038025
0.0114119052887
0.00589179992676
0.00341796875
0.00162696838379
0.0162630081177
0.00801110267639
0.000580072402954
0.00829195976257
0.00150918960571
0.00136113166809
0.000106811523438
0.0130131244659
0.000607967376709
0.00355386734009
0.000173091888428
0.0064480304718
0.000358819961548
0.00161290168762
0.000101089477539
0.000314950942993
0.000110864639282
0.00926184654236
0.00349116325378
0.00965714454651
0.000651836395264
0.00838112831116
0.000483989715576
0.000457048416138
0.000352144241333
0.000332117080688
0.0167241096497
0.00018310546875
7.10487365723e-05
7.79628753662e-05
8.48770141602e-05
0.00423288345337
0.0041708946228
0.000107049942017
8.20159912109e-05
0.00911808013916
0.00976896286011
0.00341892242432
0.000164985656738
0.000196933746338
0.000130176544189
0.000634908676147
0.000149011611938
5.41210174561e-05
8.20159912109e-05
0.000107049942017
0.00162100791931
8.79764556885e-05
0.000233173370361
0.000112056732178
7.39097595215e-05
0.000252962112427
0.000112771987915
6.48498535156e-05
0.000571966171265
0.00118803977966
0.000114917755127
0.000136137008667
5.00679016113e-05
0.000163078308105
0.000117063522339
0.00056004524231
0.00044584274292
0.000984191894531
6.29425048828e-05
0.000534057617188
0.000643968582153
0.000441074371338
0.00129103660583
9.29832458496e-05
0.000127077102661
0.000469923019409
0.000419855117798
8.89301300049e-05
8.79764556885e-05
0.000108003616333
8.98838043213e-05
0.000556945800781
0.000667810440063
0.000564098358154
0.00432682037354
0.00166606903076
0.0100660324097
0.00429606437683
0.00420713424683
0.00785994529724
0.000497102737427
0.000406980514526
0.00101494789124
0.00890207290649
0.000272035598755
0.000336170196533
0.000492095947266
0.0136389732361
0.000333070755005
0.00439500808716
0.00065016746521
0.00160908699036
8.89301300049e-05
0.0123908519745
0.000134944915771
5.60283660889e-05
0.00804400444031
0.00953388214111
0.00297689437866
0.0002601146698
0.000543117523193
0.000483989715576
0.00933003425598
8.89301300049e-05
5.31673431396e-05
5.91278076172e-05
4.79221343994e-05
0.00125098228455
0.0150330066681
0.00010085105896
0.0171210765839
0.000111818313599
0.000384092330933
8.29696655273e-05
0.000247001647949
0.000147819519043
0.000363826751709
0.00400400161743
0.00179195404053
0.000529050827026
0.00107407569885
0.00114488601685
0.000482797622681
0.000452041625977
0.000338077545166
0.000559091567993
0.00344300270081
0.00476408004761
0.00166201591492
0.000449895858765
0.0143048763275
0.000126123428345
0.0001060962677
0.000483989715576
0.0096697807312
0.000126123428345
7.70092010498e-05
0.00445008277893
7.89165496826e-05
0.00160193443298
6.60419464111e-05
7.20024108887e-05
0.00947785377502
9.20295715332e-05
6.103515625e-05
0.000178813934326
8.08238983154e-05
8.20159912109e-05
0.000349998474121
0.00064492225647
0.000478029251099
0.00144720077515
0.000432968139648
0.000387907028198
0.000470876693726
0.000190019607544
0.000109910964966
0.000154972076416
0.000111818313599
0.000128030776978
7.5101852417e-05
0.00134110450745
0.0025200843811
0.000111818313599
0.00953817367554
0.000546932220459
0.00726389884949
0.00193810462952
0.000114917755127
5.60283660889e-05
5.69820404053e-05
5.10215759277e-05
0.000336170196533
0.000739097595215
9.3936920166e-05
0.000556945800781
0.010547876358
0.00474286079407
0.00064492225647
0.000522136688232
0.000430107116699
0.00178909301758
0.00413703918457
0.00630211830139
0.00224089622498
0.0084240436554
0.00576496124268
0.00156784057617
0.0121901035309
0.000188112258911
0.000167846679688
6.41345977783e-05
8.01086425781e-05
6.79492950439e-05
8.89301300049e-05
6.91413879395e-05
6.69956207275e-05
7.08103179932e-05
0.000336885452271
0.0164570808411
0.000659942626953
0.00106906890869
0.000555992126465
0.0138428211212
0.000473976135254
0.00051212310791
0.000648975372314
0.000976085662842
0.00045108795166
0.000148057937622
0.000156164169312
0.00779414176941
0.00257015228271
0.0029571056366
0.000666856765747
0.000355958938599
0.000394821166992
0.000356912612915
0.000125169754028
0.000138998031616
0.00413799285889
0.000618934631348
0.0163538455963
0.0096549987793
0.00913619995117
0.000200986862183
0.000428915023804
0.000101089477539
8.20159912109e-05
0.00410890579224
0.000311851501465
0.000123977661133
0.000149011611938
9.08374786377e-05
0.000595092773438
9.41753387451e-05
0.00199103355408
0.000349044799805
0.000683069229126
0.000330924987793
0.000401020050049
0.000769853591919
0.00485587120056
0.00163507461548
0.0111808776855
0.00149011611938
0.000922918319702
0.00029182434082
0.0130729675293
6.48498535156e-05
6.00814819336e-05
5.60283660889e-05
0.000123023986816
0.00196504592896
0.0115211009979
0.00671195983887
8.9168548584e-05
8.20159912109e-05
7.10487365723e-05
0.0118029117584
0.0167100429535
0.00798392295837
8.58306884766e-05
0.000365018844604
0.00142598152161
0.000593185424805
0.000736951828003
0.000389814376831
0.000597953796387
7.48634338379e-05
0.00067400932312
0.000291109085083
0.00403499603271
0.00808787345886
0.0052969455719
0.000128984451294
0.000483989715576
0.0029079914093
0.000159025192261
0.0169279575348
0.0155689716339
0.000108957290649
0.000133037567139
0.000108003616333
0.0001060962677
0.000169038772583
0.00011420249939
0.000101089477539
0.000191926956177
7.48634338379e-05
8.20159912109e-05
0.000571012496948
0.0135259628296
0.0102910995483
0.00103998184204
0.00334787368774
0.000182151794434
0.000152111053467
0.000536918640137
0.000475883483887
0.000180006027222
8.10623168945e-05
9.58442687988e-05
7.5101852417e-05
8.98838043213e-05
0.00618100166321
0.010153055191
8.10623168945e-05
0.000380039215088
0.0078341960907
0.000562906265259
0.000137090682983
0.00355696678162
0.00232195854187
9.08374786377e-05
0.000134944915771
4.88758087158e-05
5.91278076172e-05
5.69820404053e-05
0.000947952270508
6.103515625e-05
0.000355005264282
8.89301300049e-05
9.08374786377e-05
0.000105142593384
0.000454187393188
0.000988006591797
9.79900360107e-05
0.000562906265259
0.000243902206421
0.000471830368042
0.000504016876221
0.00132083892822
0.000886917114258
0.000422954559326
0.000468015670776
0.000426054000854
0.00125098228455
0.00434589385986
0.00646495819092
0.000676870346069
0.0126180648804
0.00197696685791
0.000506162643433
0.0140280723572
0.000326871871948
0.000317096710205
0.00400686264038
0.00748109817505
0.0042290687561
0.00052809715271
0.000476121902466
0.00145697593689
0.00153803825378
0.000107049942017
0.0012412071228
0.000310182571411
9.29832458496e-05
0.0146820545197
0.000148057937622
0.00660514831543
0.000179052352905
7.00950622559e-05
0.000168800354004
8.60691070557e-05
9.29832458496e-05
7.9870223999e-05
0.000108003616333
9.98973846436e-05
0.000116109848022
0.00642395019531
7.20024108887e-05
7.60555267334e-05
5.69820404053e-05
0.000494003295898
0.000581979751587
0.00342607498169
0.00286793708801
0.0131850242615
0.0066089630127
0.00177311897278
0.000631093978882
0.000180006027222
0.00477981567383
0.000357151031494
0.00936102867126
0.000354051589966
0.000883817672729
8.89301300049e-05
0.0138750076294
0.00919508934021
0.010360956192
7.20024108887e-05
5.29289245605e-05
0.0120360851288
4.38690185547e-05
8.08238983154e-05
0.000112056732178
5.22136688232e-05
5.50746917725e-05
4.31537628174e-05
5.29289245605e-05
0.000391006469727
0.000104904174805
0.000480890274048
9.89437103271e-05
6.19888305664e-05
0.000127077102661
0.00286293029785
0.00465989112854
0.00134897232056
0.000561952590942
9.29832458496e-05
0.000126123428345
0.000105142593384
0.000212907791138
9.48905944824e-05
0.000113964080811
0.000386953353882
0.00168085098267
0.000324010848999
0.000442028045654
0.000516891479492
0.00778388977051
0.000460863113403
0.0012640953064
0.000338077545166
0.000489950180054
0.000436067581177
0.00184988975525
0.0136499404907
0.000325918197632
0.000427007675171
0.00339102745056
0.00633001327515
0.00412917137146
0.00419211387634
0.00037407875061
0.000364065170288
0.00286293029785
0.00750398635864
0.000209093093872
0.00712585449219
0.0192630290985
0.000409126281738
0.000504970550537
0.000347852706909
0.00520706176758
0.00011682510376
0.00390291213989
0.00037693977356
0.00345301628113
0.00228500366211
0.000418901443481
0.000612020492554
0.0137641429901
0.000148057937622
0.000555992126465
0.00890517234802
0.000143051147461
0.00375604629517
0.000116109848022
0.000101089477539
4.41074371338e-05
0.000139951705933
5.19752502441e-05
5.00679016113e-05
5.50746917725e-05
0.00189709663391
6.69956207275e-05
8.6784362793e-05
5.57899475098e-05
6.69956207275e-05
5.41210174561e-05
0.000523090362549
0.000130891799927
6.60419464111e-05
0.0105230808258
7.31945037842e-05
7.20024108887e-05
0.00011420249939
8.6784362793e-05
0.0103480815887
0.000119924545288
7.10487365723e-05
8.17775726318e-05
0.000120162963867
0.000116109848022
0.000469923019409
9.60826873779e-05
0.000627994537354
0.000501871109009
0.000335931777954
0.000507116317749
0.000163078308105
0.000916957855225
0.000113964080811
0.0001540184021
8.48770141602e-05
9.3936920166e-05
0.000424861907959
9.29832458496e-05
8.9168548584e-05
7.70092010498e-05
0.000394105911255
0.000524997711182
0.00031590461731
0.000558137893677
0.00176191329956
0.000372171401978
0.000935077667236
0.00183701515198
0.0001540184021
0.000406980514526
0.0012731552124
0.000483989715576
0.00039005279541
0.000760078430176
8.41617584229e-05
0.000447988510132
0.00214099884033
0.0127930641174
0.00997805595398
0.000586986541748
0.00169396400452
0.00128889083862
0.00780415534973
0.00162196159363
0.000395059585571
0.000146150588989
0.000850915908813
0.00230503082275
0.0154669284821
0.00740909576416
0.00309991836548
0.000140905380249
0.000103950500488
0.00606989860535
0.00156307220459
0.00908207893372
0.00247311592102
0.000112056732178
0.00568199157715
0.000409841537476
0.000190019607544
0.000180959701538
0.0152430534363
0.000116109848022
9.08374786377e-05
6.69956207275e-05
0.000309944152832
9.98973846436e-05
7.41481781006e-05
5.88893890381e-05
8.79764556885e-05
0.0178651809692
0.000176906585693
7.70092010498e-05
0.00462198257446
7.9870223999e-05
9.01222229004e-05
7.79628753662e-05
0.000364065170288
8.89301300049e-05
4.91142272949e-05
5.91278076172e-05
0.000102043151855
6.60419464111e-05
0.000472068786621
0.00119709968567
0.0111031532288
7.91549682617e-05
7.91549682617e-05
6.00814819336e-05
0.000357151031494
0.000600814819336
0.00952219963074
0.0101668834686
0.000121831893921
0.000114917755127
0.000560998916626
0.000741004943848
0.000133991241455
0.000401973724365
0.000108003616333
0.000492095947266
8.39233398438e-05
0.000127077102661
0.000118017196655
0.000156879425049
0.000110864639282
0.000375986099243
0.000410079956055
0.000463008880615
0.00189018249512
0.00137495994568
0.000118970870972
0.00423192977905
0.00421118736267
8.70227813721e-05
0.00759887695312
0.000255107879639
0.00118398666382
0.00831294059753
0.000555992126465
0.00513601303101
0.0140089988708
0.000293970108032
0.0133669376373
0.00779485702515
0.000332117080688
0.00712013244629
0.0036289691925
0.000885009765625
0.000346183776855
0.00122904777527
0.00507307052612
0.000319957733154
0.00403690338135
0.00903987884521
0.0141041278839
0.000535011291504
0.000221014022827
0.0154898166656
0.000575065612793
0.00150108337402
0.000636100769043
0.000438928604126
0.00171589851379
0.0138740539551
0.00348711013794
0.00998020172119
0.000354051589966
0.000115871429443
0.000123023986816
6.98566436768e-05
0.000181198120117
0.000146865844727
0.000169038772583
7.70092010498e-05
7.20024108887e-05
0.00194191932678
0.000592231750488
9.70363616943e-05
0.0122940540314
0.000110149383545
0.000117063522339
0.000140190124512
0.000503063201904
9.29832458496e-05
7.10487365723e-05
0.000123023986816
9.48905944824e-05
0.00565099716187
8.70227813721e-05
0.000186920166016
0.00012993812561
6.29425048828e-05
0.000118970870972
0.00310206413269
9.3936920166e-05
0.000103950500488
0.000113010406494
9.70363616943e-05
6.89029693604e-05
0.0001380443573
0.000333070755005
0.0001060962677
9.20295715332e-05
0.000114917755127
7.60555267334e-05
7.00950622559e-05
6.38961791992e-05
0.00129294395447
7.60555267334e-05
0.000386953353882
0.000494956970215
0.000478982925415
0.000813007354736
0.000408887863159
0.000555038452148
0.00242900848389
0.000481843948364
0.00139999389648
0.000588893890381
0.000909090042114
0.00411105155945
0.000922918319702
0.000546216964722
0.00213599205017
0.00220012664795
0.00086784362793
0.00345993041992
0.000521898269653
0.00809097290039
0.000484943389893
0.000503778457642
0.004723072052
0.007483959198
0.000415086746216
0.00942802429199
0.000455856323242
0.000308990478516
0.00379800796509
0.000345945358276
0.000108003616333
0.000461101531982
0.00126218795776
0.000307083129883
0.00155997276306
0.000424861907959
0.0127720832825
0.0031099319458
0.000102996826172
9.89437103271e-05
8.89301300049e-05
3.91006469727e-05
0.00369620323181
0.0182189941406
4.81605529785e-05
8.79764556885e-05
8.98838043213e-05
8.39233398438e-05
7.5101852417e-05
6.79492950439e-05
8.10623168945e-05
0.000472784042358
0.00107598304749
0.000697135925293
0.00314903259277
0.000186920166016
0.000529050827026
0.000414133071899
0.0080041885376
0.007807970047
0.00054407119751
0.000431060791016
0.000118970870972
0.0110130310059
0.00172090530396
0.00626015663147
0.0170738697052
0.00178003311157
0.000136852264404
0.00353813171387
0.000174045562744
0.00218200683594
0.000756978988647
0.00417900085449
0.000728130340576
0.000102043151855
7.00950622559e-05
7.48634338379e-05
0.00345301628113
9.79900360107e-05
4.98294830322e-05
0.000127077102661
5.19752502441e-05
7.08103179932e-05
8.01086425781e-05
7.5101852417e-05
5.72204589844e-05
5.60283660889e-05
7.48634338379e-05
8.08238983154e-05
0.0081160068512
0.000521898269653
7.41481781006e-05
0.000410079956055
0.00150513648987
0.000365018844604
0.000542879104614
0.000481128692627
0.000427961349487
0.010293006897
0.00157189369202
0.00542092323303
0.000130176544189
8.58306884766e-05
0.000101089477539
0.000109910964966
0.000111103057861
8.98838043213e-05
0.0118780136108
0.000114917755127
0.000516891479492
0.000866174697876
0.000462055206299
0.00174617767334
0.00097918510437
0.000426054000854
0.00369691848755
0.000447988510132
0.000316858291626
0.00448489189148
0.00636196136475
0.00184106826782
0.000568866729736
0.000448942184448
0.00512790679932
0.015202999115
0.000162839889526
0.000663042068481
0.0001380443573
8.60691070557e-05
0.000105142593384
6.103515625e-05
7.60555267334e-05
9.20295715332e-05
0.000187873840332
6.38961791992e-05
0.0135378837585
0.00035285949707
0.00135898590088
0.000339031219482
0.012412071228
0.000447988510132
0.00222086906433
0.000480890274048
0.000435829162598
0.000297069549561
0.000177145004272
0.00304913520813
0.000372886657715
0.00151109695435
0.00715494155884
0.000105857849121
0.000388860702515
0.000118970870972
0.00281190872192
0.0157189369202
0.00402808189392
0.00782799720764
0.0111191272736
0.0112340450287
0.00721406936646
0.000874042510986
0.000108957290649
7.29560852051e-05
0.00022292137146
6.69956207275e-05
0.0014750957489
8.89301300049e-05
8.01086425781e-05
4.60147857666e-05
8.20159912109e-05
5.00679016113e-05
7.91549682617e-05
5.07831573486e-05
0.000520944595337
0.000723123550415
0.000300884246826
0.000473976135254
0.0181488990784
0.000402927398682
0.00055718421936
0.00525689125061
0.0110669136047
0.000176906585693
0.000524997711182
0.000127077102661
0.000168085098267
8.29696655273e-05
0.00182008743286
9.20295715332e-05
0.0030460357666
0.00165390968323
0.0036199092865
0.00297284126282
0.00159001350403
0.0120260715485
0.000173091888428
0.00897979736328
6.60419464111e-05
0.000454902648926
0.0114848613739
0.000346899032593
0.000113010406494
0.000111103057861
0.000147819519043
0.000513076782227
0.000121116638184
9.60826873779e-05
0.000464916229248
0.0037407875061
0.00264191627502
0.000769138336182
0.000629186630249
0.000146865844727
0.000102996826172
0.0001220703125
7.08103179932e-05
0.00125312805176
0.000108957290649
0.000101089477539
0.000457048416138
0.000436067581177
0.000866889953613
0.000434875488281
9.3936920166e-05
0.000442981719971
0.000115871429443
0.00014591217041
0.00199794769287
0.000389814376831
0.000339031219482
0.000164985656738
0.0080189704895
0.000146865844727
0.00116109848022
0.000113964080811
0.000173091888428
0.00157999992371
7.60555267334e-05
6.8187713623e-05
6.69956207275e-05
8.79764556885e-05
9.48905944824e-05
9.29832458496e-05
0.000196933746338
0.000482082366943
0.0036449432373
0.000792026519775
0.000427007675171
0.00900793075562
0.000112056732178
0.00169491767883
0.0131459236145
0.000144958496094
0.00962805747986
9.98973846436e-05
0.00671696662903
0.000303030014038
0.00054407119751
0.000679016113281
0.0045371055603
0.000849008560181
0.00431203842163
0.00316500663757
0.0129301548004
0.012344121933
0.00512099266052
0.0115427970886
0.000133037567139
9.89437103271e-05
0.0136339664459
0.00711393356323
0.006511926651
0.00046706199646
0.00580787658691
0.000607013702393
0.0164060592651
0.000200033187866
7.10487365723e-05
6.29425048828e-05
0.0015070438385
8.20159912109e-05
6.31809234619e-05
6.91413879395e-05
0.000111818313599
6.60419464111e-05
8.48770141602e-05
0.000643014907837
0.00516390800476
0.000623941421509
0.000617980957031
0.00110197067261
0.00218796730042
0.000363826751709
0.00355410575867
0.00398302078247
0.00467205047607
0.00430083274841
0.000991106033325
0.000705003738403
0.00594902038574
0.000131130218506
0.000482082366943
0.00184392929077
0.000460863113403
0.00060510635376
0.00380492210388
0.00427198410034
0.00924587249756
0.000333070755005
0.000396966934204
0.00403308868408
0.000664949417114
0.000434160232544
0.00917601585388
0.000195980072021
0.0125529766083
0.0173740386963
0.00193810462952
0.000127077102661
0.0026490688324
0.00216913223267
0.000689029693604
0.00424790382385
0.00229287147522
0.000114917755127
0.0001540184021
9.3936920166e-05
0.00178694725037
8.51154327393e-05
7.5101852417e-05
9.91821289062e-05
7.91549682617e-05
0.00010085105896
0.000520944595337
0.00055980682373
0.00111699104309
0.000494956970215
0.000658988952637
0.0148239135742
0.000352144241333
0.000492095947266
0.00043511390686
0.000179052352905
0.00420904159546
0.00557494163513
0.000136852264404
0.000184059143066
0.000631093978882
0.0107669830322
0.00395607948303
0.000529050827026
0.00457000732422
0.00559687614441
0.00482201576233
0.000144004821777
9.58442687988e-05
0.000108003616333
0.000168800354004
0.000109195709229
9.51290130615e-05
9.79900360107e-05
0.000230073928833
4.60147857666e-05
0.000469923019409
0.000153064727783
7.20024108887e-05
0.000105857849121
0.00558495521545
0.000153064727783
8.89301300049e-05
8.79764556885e-05
0.000118970870972
0.00437188148499
0.000133037567139
0.000108957290649
0.000118970870972
9.58442687988e-05
0.00046181678772
0.000944852828979
0.00152802467346
0.000403881072998
0.000601053237915
0.000523090362549
0.000381946563721
0.000385046005249
0.000448942184448
0.00188612937927
0.00326299667358
0.00384402275085
0.00350308418274
0.00541687011719
0.00384187698364
0.00259208679199
0.0100820064545
0.00312495231628
0.00147104263306
0.000302076339722
0.0145962238312
0.00370001792908
0.000426054000854
0.000180959701538
0.0102231502533
0.00499820709229
0.00592017173767
0.0110020637512
0.00523400306702
8.39233398438e-05
0.000396966934204
0.00519418716431
0.000404119491577
0.0111730098724
9.48905944824e-05
0.000364780426025
9.10758972168e-05
0.000134944915771
0.000197887420654
8.10623168945e-05
7.9870223999e-05
8.79764556885e-05
8.20159912109e-05
7.60555267334e-05
9.17911529541e-05
7.82012939453e-05
9.10758972168e-05
0.00471591949463
0.00302004814148
0.000602006912231
0.000874042510986
0.00049090385437
0.000575065612793
0.000463008880615
0.00175905227661
0.000458955764771
0.00162100791931
0.00182914733887
0.00059700012207
0.00260901451111
0.00599408149719
0.00552606582642
0.00373387336731
0.0131080150604
0.00312900543213
0.000807046890259
0.00641489028931
0.00437092781067
0.00310397148132
0.00373792648315
0.00511503219604
0.000458955764771
0.0124459266663
0.00417709350586
0.00342702865601
0.000494003295898
0.000877857208252
0.00882411003113
0.00359201431274
0.000421047210693
0.000111103057861
0.00178289413452
0.000197887420654
0.00134181976318
0.000316143035889
0.000740051269531
0.000174045562744
6.31809234619e-05
0.00785517692566
9.70363616943e-05
0.000102043151855
0.000244855880737
8.79764556885e-05
0.0114011764526
0.00537610054016
9.08374786377e-05
0.000101089477539
7.70092010498e-05
8.98838043213e-05
0.000102043151855
0.000118970870972
8.70227813721e-05
0.000479936599731
0.000133991241455
9.3936920166e-05
5.22136688232e-05
4.10079956055e-05
6.69956207275e-05
5.60283660889e-05
6.89029693604e-05
8.70227813721e-05
0.0115089416504
8.51154327393e-05
0.00798892974854
8.39233398438e-05
0.000473022460938
0.0001220703125
0.00137805938721
0.000741004943848
0.000927925109863
0.0024049282074
0.00701093673706
0.00442409515381
0.00478601455688
0.000365972518921
0.00068998336792
0.00257015228271
5.91278076172e-05
0.00522994995117
0.000313997268677
0.00036096572876
0.011696100235
0.000322103500366
0.000446081161499
0.000312089920044
0.000416040420532
0.00380086898804
0.000375986099243
0.000420093536377
0.000293016433716
0.00505805015564
0.000315189361572
0.000481128692627
0.00384402275085
0.00158095359802
0.0118079185486
0.00330996513367
0.00381398200989
0.000575065612793
0.000173091888428
0.00313401222229
0.00709390640259
0.0022919178009
0.0030460357666
0.00393104553223
8.89301300049e-05
8.20159912109e-05
4.60147857666e-05
6.38961791992e-05
0.00451588630676
0.000362873077393
0.000663995742798
0.000308036804199
6.103515625e-05
0.00335192680359
0.00597310066223
0.000230073928833
0.00135707855225
6.31809234619e-05
9.58442687988e-05
0.000540971755981
0.00109100341797
0.00060510635376
0.000420093536377
0.00421714782715
0.00424003601074
0.0142729282379
0.00406193733215
0.000401973724365
0.00154805183411
0.00734281539917
0.00126004219055
0.000187158584595
0.00362992286682
0.00533318519592
0.000112056732178
0.00440001487732
0.00302195549011
0.00152397155762
0.00327014923096
0.000223159790039
9.29832458496e-05
0.00561308860779
7.29560852051e-05
0.0139977931976
0.000372171401978
0.000103950500488
0.000102043151855
0.000479936599731
0.00480103492737
0.00739598274231
0.000532865524292
0.000920057296753
0.00270199775696
0.000498056411743
0.00118899345398
0.0102169513702
0.0115909576416
0.000559091567993
0.00344181060791
7.67707824707e-05
7.5101852417e-05
4.79221343994e-05
5.07831573486e-05
0.00718712806702
5.29289245605e-05
0.000399112701416
0.000740051269531
0.0126128196716
0.000118017196655
0.000638008117676
0.000549077987671
0.000103950500488
0.00032901763916
0.00437712669373
0.00494384765625
8.9168548584e-05
7.48634338379e-05
0.000124931335449
0.00270795822144
0.00453090667725
0.0122790336609
0.000143051147461
0.00836610794067
0.000115871429443
9.08374786377e-05
0.000112056732178
0.000113964080811
8.20159912109e-05
0.0043830871582
9.70363616943e-05
0.000100135803223
0.000211954116821
8.89301300049e-05
7.79628753662e-05
0.000400066375732
7.39097595215e-05
0.00104284286499
0.000127077102661
0.000666856765747
8.29696655273e-05
0.000105142593384
8.01086425781e-05
5.29289245605e-05
0.000370979309082
0.000397920608521
0.000550031661987
0.00595307350159
0.00328993797302
8.32080841064e-05
0.000415802001953
0.00131607055664
0.000380992889404
0.00278902053833
0.000404834747314
0.00369501113892
0.000626087188721
0.000399827957153
0.00383305549622
0.0036768913269
0.00404191017151
0.00342512130737
0.00577902793884
0.00823998451233
0.00497007369995
0.00419688224792
6.60419464111e-05
0.0135550498962
0.00435495376587
0.000335931777954
0.00767278671265
0.000392913818359
0.000353097915649
0.00308609008789
0.00530385971069
0.000326871871948
0.00442910194397
0.00154304504395
0.00185799598694
0.00163316726685
0.00403499603271
0.000545978546143
0.000590085983276
0.00042986869812
0.00472283363342
0.00196385383606
0.000830888748169
0.0119969844818
0.000110864639282
0.000451803207397
0.000392913818359
0.000185012817383
8.20159912109e-05
7.20024108887e-05
8.70227813721e-05
7.39097595215e-05
5.10215759277e-05
5.19752502441e-05
4.29153442383e-05
0.000309944152832
0.000378847122192
0.0112798213959
0.000118017196655
0.00341701507568
8.39233398438e-05
0.000372171401978
0.0137951374054
0.000541925430298
0.006667137146
0.000113010406494
0.00099515914917
0.00355195999146
0.00679898262024
0.000559091567993
0.00149202346802
0.000138998031616
0.000855922698975
0.000419855117798
0.000333070755005
0.00764989852905
0.00369000434875
0.00444912910461
0.0163359642029
0.000135898590088
0.000102996826172
0.000798940658569
0.0015652179718
0.000162124633789
0.000105857849121
0.00484991073608
4.38690185547e-05
8.01086425781e-05
8.58306884766e-05
0.0115559101105
9.89437103271e-05
0.000102043151855
0.000133037567139
0.00453805923462
9.20295715332e-05
8.79764556885e-05
7.00950622559e-05
0.000358819961548
0.000804901123047
0.00479984283447
0.000411033630371
0.00068187713623
8.9168548584e-05
0.000201940536499
9.41753387451e-05
0.000109910964966
0.00413703918457
0.0100929737091
0.00282502174377
0.000118970870972
0.00350284576416
0.00375699996948
0.00366282463074
0.00424790382385
0.00602221488953
0.00369000434875
0.00458192825317
0.000448942184448
0.000616073608398
9.89437103271e-05
0.000365018844604
0.000530004501343
0.000423908233643
8.58306884766e-05
0.0085620880127
0.00313210487366
0.00650715827942
0.0132441520691
9.70363616943e-05
0.000385999679565
0.000297069549561
0.00778388977051
0.00430297851562
0.000684022903442
0.000152826309204
0.00064492225647
0.00187110900879
0.000380992889404
0.00134491920471
0.0143098831177
0.0039119720459
0.00021505355835
0.00180292129517
0.000581979751587
9.89437103271e-05
0.0001380443573
0.000146865844727
0.000112056732178
6.07967376709e-05
5.79357147217e-05
6.19888305664e-05
6.79492950439e-05
0.000301122665405
0.000444889068604
0.000157117843628
0.00304102897644
0.0134088993073
0.000102996826172
0.000574827194214
5.10215759277e-05
7.39097595215e-05
0.00949001312256
7.70092010498e-05
0.000571012496948
0.00103712081909
0.000137090682983
9.20295715332e-05
7.41481781006e-05
5.19752502441e-05
0.00205206871033
0.00365710258484
0.00347399711609
0.000596046447754
0.00118708610535
0.000458955764771
0.000452041625977
0.000111818313599
9.98973846436e-05
0.000135898590088
7.79628753662e-05
9.29832458496e-05
8.39233398438e-05
0.000382900238037
0.00355696678162
0.00479912757874
0.00317001342773
9.60826873779e-05
0.000384092330933
0.00489592552185
0.000458955764771
0.00129413604736
0.00413179397583
0.000578880310059
0.00766801834106
0.00067400932312
0.00457119941711
0.000977993011475
0.000446081161499
0.00439286231995
0.00141000747681
0.00220584869385
0.00741004943848
0.000507831573486
0.00626516342163
0.000612020492554
0.00128102302551
0.000698089599609
0.000485897064209
9.79900360107e-05
0.00376987457275
0.0061719417572
0.00759100914001
0.00366711616516
0.00584006309509
6.38961791992e-05
0.000277042388916
0.000319957733154
0.00168395042419
0.0106329917908
0.00281310081482
0.00127506256104
0.00720000267029
0.00723099708557
0.00353002548218
0.0143699645996
0.00286602973938
0.00510716438293
0.000473976135254
0.000673055648804
0.00777697563171
0.000463962554932
0.000133991241455
0.00645780563354
0.0158960819244
0.00366997718811
0.0142328739166
0.000333070755005
0.00396800041199
0.00433993339539
0.00982189178467
0.00052285194397
8.89301300049e-05
0.00625514984131
0.000130176544189
7.89165496826e-05
0.000128984451294
5.00679016113e-05
6.48498535156e-05
0.000102996826172
0.000104904174805
7.9870223999e-05
0.000385999679565
0.000221967697144
0.00058388710022
0.000388145446777
0.000748157501221
0.000457763671875
0.0102429389954
0.00473213195801
0.0001540184021
0.000330924987793
0.00342583656311
0.000118970870972
0.000476121902466
6.48498535156e-05
0.00436282157898
4.19616699219e-05
0.000111818313599
9.89437103271e-05
0.0042450428009
9.3936920166e-05
7.70092010498e-05
0.00456690788269
0.00405788421631
0.000339984893799
0.00270009040833
8.39233398438e-05
0.000115156173706
0.00054407119751
0.000375986099243
0.000434875488281
0.000577926635742
0.000504016876221
0.00129199028015
0.0103859901428
0.000180006027222
0.000597953796387
0.0089898109436
0.000144004821777
0.0101180076599
0.000110149383545
0.000138998031616
0.000128984451294
0.000266075134277
0.000113010406494
0.000233888626099
0.000143051147461
8.29696655273e-05
0.000353097915649
0.000751972198486
0.00122404098511
0.00173091888428
0.000625133514404
0.000721216201782
0.000603914260864
0.00040602684021
0.00258183479309
0.00399804115295
0.00388383865356
0.00284504890442
0.0147340297699
0.00338101387024
0.00154399871826
0.0049889087677
0.00192403793335
0.000552892684937
0.000165939331055
0.00541019439697
0.00462198257446
0.00185608863831
0.000425100326538
0.000119924545288
0.00469088554382
0.000277042388916
0.00601005554199
0.000324010848999
4.98294830322e-05
0.000296115875244
0.000409126281738
0.00252890586853
9.20295715332e-05
0.00011682510376
0.000370979309082
0.00254607200623
7.79628753662e-05
0.0100469589233
0.00152397155762
0.000478982925415
0.000715017318726
0.00244498252869
0.000713109970093
0.000436067581177
0.00669193267822
0.000134944915771
0.00514316558838
0.000406980514526
0.000173091888428
0.01136302948
0.00640797615051
0.00627183914185
0.000174045562744
7.20024108887e-05
6.60419464111e-05
9.20295715332e-05
0.00357985496521
0.000150203704834
0.000467777252197
0.00010085105896
5.50746917725e-05
0.0102350711823
0.000101089477539
8.20159912109e-05
7.48634338379e-05
4.91142272949e-05
5.10215759277e-05
0.00039005279541
0.000483989715576
0.000402927398682
0.000974893569946
7.39097595215e-05
0.00501704216003
0.00058913230896
0.0157470703125
0.0137658119202
0.000594854354858
0.000134229660034
0.000107049942017
0.000130176544189
0.000149011611938
0.00484490394592
0.0049090385437
0.000112056732178
0.00449299812317
0.000136852264404
0.000144958496094
0.000118970870972
0.000109195709229
0.00201988220215
0.00437092781067
0.000144004821777
0.00185704231262
0.0116739273071
0.00385499000549
0.000108957290649
0.00498795509338
4.60147857666e-05
0.000442981719971
0.000479936599731
0.000738143920898
0.000540018081665
9.08374786377e-05
0.000663042068481
0.00140619277954
0.0121569633484
0.0001060962677
6.79492950439e-05
0.0001060962677
8.39233398438e-05
8.60691070557e-05
0.00256490707397
0.00381684303284
0.00458097457886
0.00352096557617
0.00010085105896
0.000142097473145
0.00435996055603
0.000511884689331
0.00593686103821
0.000100135803223
0.00062894821167
0.00919008255005
0.00256299972534
0.000385999679565
0.000999927520752
0.00129795074463
0.000486135482788
0.000536918640137
0.000385999679565
0.000148057937622
0.00246596336365
0.00447702407837
0.00655508041382
0.00448417663574
0.00401997566223
0.0031270980835
0.00765299797058
0.000109195709229
0.00824999809265
0.0080349445343
0.000760078430176
0.000403165817261
0.00174999237061
0.00031304359436
0.0121109485626
0.00431108474731
0.000338792800903
0.000477075576782
0.000319004058838
0.000705003738403
0.00901293754578
0.0015721321106
0.001797914505
0.000330924987793
0.00155210494995
0.00182890892029
0.000545978546143
0.00210499763489
0.000602960586548
0.000149011611938
0.000396966934204
0.00416207313538
0.000560998916626
0.00385904312134
0.00376319885254
0.0129721164703
0.000113964080811
0.000365972518921
0.00396490097046
0.000392913818359
0.00712609291077
0.000212907791138
0.000242948532104
0.000128984451294
7.41481781006e-05
0.000102043151855
7.20024108887e-05
5.41210174561e-05
6.60419464111e-05
0.00016188621521
0.000353813171387
6.103515625e-05
0.00490689277649
0.0147511959076
8.79764556885e-05
0.000144958496094
0.000101089477539
0.000355005264282
0.000543832778931
0.000102996826172
8.29696655273e-05
0.000888109207153
0.0058650970459
0.000384092330933
0.000148057937622
8.29696655273e-05
0.00043797492981
8.48770141602e-05
0.000173091888428
0.0122010707855
0.000586986541748
0.00019907951355
9.41753387451e-05
0.000128030776978
0.0043728351593
0.00372099876404
0.000123023986816
0.000910997390747
0.000608921051025
0.000497102737427
0.00557708740234
9.70363616943e-05
9.89437103271e-05
0.0050630569458
0.000123977661133
0.00358414649963
0.00523710250854
0.00462198257446
9.29832458496e-05
0.000126838684082
0.000771045684814
0.000580072402954
0.00524091720581
0.00425100326538
0.000458955764771
0.000543832778931
0.00581812858582
0.00282382965088
0.00076699256897
0.000571012496948
0.000361919403076
0.00133895874023
0.00387597084045
0.00578188896179
0.00480604171753
0.00474500656128
0.000438928604126
9.98973846436e-05
0.00387597084045
0.00906682014465
0.0135178565979
0.014014005661
0.00381112098694
0.0102241039276
0.00283002853394
0.00615906715393
0.00490212440491
0.00364899635315
0.000468015670776
0.000172138214111
0.00058913230896
0.0102620124817
0.0139019489288
0.00124216079712
0.00947403907776
0.000191926956177
0.00390601158142
0.00262689590454
0.000137090682983
0.000329971313477
0.000143051147461
0.00123906135559
0.0113410949707
0.00361204147339
7.29560852051e-05
0.00414896011353
0.000149011611938
0.00308918952942
0.000114917755127
0.0076048374176
0.012109041214
0.0142769813538
0.000149965286255
7.70092010498e-05
6.98566436768e-05
9.41753387451e-05
0.000189065933228
6.60419464111e-05
9.20295715332e-05
6.69956207275e-05
0.00023889541626
0.00896716117859
0.000480890274048
0.00037407875061
0.000495910644531
0.000643014907837
0.00153088569641
0.000468015670776
0.012825012207
0.00291895866394
0.000127077102661
0.00386500358582
0.00043797492981
0.000175952911377
0.000428199768066
0.00672698020935
0.00236105918884
0.000170946121216
0.000684022903442
0.000484943389893
0.000113964080811
6.79492950439e-05
0.000120878219604
8.39233398438e-05
9.08374786377e-05
0.010623216629
9.89437103271e-05
0.000114917755127
0.000102996826172
6.69956207275e-05
0.000139951705933
0.000117063522339
0.00020694732666
8.70227813721e-05
9.79900360107e-05
0.00430679321289
0.000115156173706
7.70092010498e-05
7.79628753662e-05
9.41753387451e-05
4.91142272949e-05
6.41345977783e-05
0.000355958938599
0.00139904022217
0.00157499313354
0.000318050384521
0.000330924987793
0.00129699707031
9.79900360107e-05
9.98973846436e-05
0.000339984893799
0.00040602684021
0.00526094436646
0.00390291213989
0.000534057617188
0.000355958938599
0.000957012176514
0.000508069992065
0.000480890274048
0.00260519981384
0.000521898269653
0.00087308883667
0.00167989730835
0.00104904174805
0.00184512138367
0.00041389465332
0.00496006011963
0.00140881538391
0.0092408657074
0.00805807113647
0.000601053237915
0.0085780620575
0.00427985191345
0.00968194007874
0.000563144683838
0.00146198272705
0.00121998786926
0.000116109848022
0.000308036804199
0.000478029251099
0.00730895996094
0.0130219459534
0.00303196907043
0.000117063522339
8.9168548584e-05
0.00885200500488
0.00155901908875
5.19752502441e-05
0.00145196914673
0.0104179382324
0.000355005264282
0.00142693519592
0.000135898590088
9.20295715332e-05
0.00400400161743
0.00715613365173
0.000105857849121
9.01222229004e-05
0.000157117843628
0.00661683082581
0.0040431022644
9.60826873779e-05
0.000144004821777
0.0146110057831
0.000102043151855
9.20295715332e-05
0.000120162963867
0.000108957290649
0.000284910202026
0.00101900100708
8.39233398438e-05
0.000259160995483
9.79900360107e-05
0.0011670589447
0.00016713142395
0.000573873519897
0.000466108322144
0.000632047653198
0.000720977783203
0.000140905380249
0.000597953796387
0.00685000419617
0.00656008720398
0.000115871429443
0.000116109848022
0.000494956970215
0.000648975372314
0.00042986869812
0.00055980682373
0.00116181373596
0.000453948974609
0.000427007675171
0.000468015670776
0.00416707992554
0.0166311264038
0.00310683250427
0.000422954559326
0.00809788703918
0.00418901443481
0.000183820724487
0.00513505935669
0.00596189498901
0.00438690185547
0.0001380443573
0.00203108787537
7.89165496826e-05
0.000231981277466
7.48634338379e-05
8.89301300049e-05
8.41617584229e-05
0.000142097473145
0.000534057617188
0.000767946243286
0.000881910324097
0.0001380443573
0.000361919403076
0.000113964080811
0.0137569904327
0.000818967819214
0.000326871871948
8.79764556885e-05
0.000108957290649
0.00437498092651
0.00660490989685
0.0001380443573
7.20024108887e-05
0.000121116638184
0.000127077102661
0.000543832778931
0.000509977340698
0.000972986221313
8.29696655273e-05
0.000118970870972
0.000140905380249
0.000120162963867
0.000328779220581
0.000708818435669
0.000595092773438
0.00113606452942
0.000657081604004
0.00580191612244
0.00528597831726
0.00628185272217
0.00352907180786
8.9168548584e-05
0.00683188438416
0.00414109230042
0.000530958175659
0.00430583953857
0.0074098110199
0.00627398490906
0.00068187713623
0.00500202178955
0.00430488586426
0.000397920608521
0.0175130367279
0.00616002082825
0.0176949501038
0.00747513771057
0.000510931015015
0.000457048416138
0.000697135925293
0.00315713882446
0.00169014930725
0.00072193145752
0.000386953353882
0.00171184539795
0.00351715087891
0.00443291664124
0.00207710266113
0.00525212287903
0.000428915023804
0.000385046005249
0.000119924545288
0.000164985656738
0.00705003738403
0.00346994400024
0.00224089622498
0.0133640766144
0.000132083892822
0.00966501235962
8.32080841064e-05
0.000158786773682
0.000119924545288
7.70092010498e-05
7.91549682617e-05
0.0081479549408
0.000146150588989
0.000105142593384
0.000103950500488
6.103515625e-05
5.81741333008e-05
0.000373840332031
0.00583386421204
0.00101804733276
0.000399112701416
0.000169992446899
0.0202510356903
0.000417947769165
0.000487089157104
0.00386905670166
0.00524210929871
0.0114350318909
0.00773882865906
0.000497102737427
0.000749826431274
0.00385308265686
0.000166177749634
0.000560998916626
0.00200200080872
0.0138010978699
0.0109689235687
0.00472402572632
0.000139951705933
8.58306884766e-05
0.000146150588989
8.39233398438e-05
9.60826873779e-05
9.58442687988e-05
0.000181198120117
0.000128030776978
0.000127077102661
0.000303030014038
0.000530004501343
0.000569105148315
0.000646114349365
0.000625848770142
0.000169038772583
4.79221343994e-05
0.000301122665405
0.00673508644104
0.000180006027222
0.000104904174805
4.6968460083e-05
5.60283660889e-05
5.41210174561e-05
0.00404500961304
8.39233398438e-05
8.10623168945e-05
6.79492950439e-05
5.91278076172e-05
0.00325584411621
7.70092010498e-05
0.000112056732178
0.000524044036865
0.00123190879822
0.000610113143921
0.000502109527588
0.00272798538208
0.00377416610718
0.00148987770081
0.00499486923218
0.00164198875427
0.000123023986816
0.00413203239441
0.00587391853333
0.000460863113403
0.0031750202179
0.00728797912598
0.00256609916687
0.00378704071045
0.000345230102539
0.00785493850708
0.00286889076233
0.000594854354858
0.000454187393188
0.00459980964661
0.00435185432434
0.00036883354187
0.00129508972168
0.00533699989319
0.0181200504303
0.00149202346802
0.00060510635376
0.0015721321106
0.000412940979004
0.0020809173584
0.000163078308105
0.0119848251343
0.00545597076416
0.0133810043335
0.00043797492981
0.000325202941895
0.00630402565002
0.0152039527893
0.00373101234436
0.000142097473145
0.000433921813965
0.0002121925354
0.000699996948242
0.000619888305664
0.00625395774841
0.00930213928223
0.000158071517944
0.000133991241455
5.50746917725e-05
4.6968460083e-05
9.3936920166e-05
5.79357147217e-05
0.000119924545288
0.000205993652344
0.000108003616333
0.0123660564423
8.41617584229e-05
0.000247001647949
0.000319957733154
0.000148057937622
0.000110149383545
0.000108957290649
0.000349998474121
0.000499963760376
0.000794887542725
0.00181293487549
0.00126719474792
0.00174808502197
9.3936920166e-05
8.48770141602e-05
0.000155925750732
4.88758087158e-05
8.48770141602e-05
0.000488042831421
0.000849008560181
0.00052285194397
0.000910043716431
0.000444889068604
0.0064799785614
0.00443506240845
0.00649690628052
0.00358390808105
0.00465297698975
0.00401091575623
0.00625205039978
0.00556802749634
0.00258016586304
0.00473880767822
0.00174498558044
0.00405812263489
0.00337409973145
0.00413703918457
0.00407481193542
0.00921702384949
0.00337910652161
0.00843381881714
0.0104730129242
0.00520896911621
0.000345945358276
0.000514030456543
0.0170109272003
0.000418186187744
0.00449895858765
0.00182509422302
0.000226974487305
0.000473022460938
0.000550031661987
0.000329971313477
0.000662803649902
0.00350618362427
0.000527143478394
0.0127499103546
0.00594401359558
0.0087411403656
0.000113964080811
0.000102996826172
0.000169992446899
0.000100135803223
0.000125885009766
0.00023078918457
0.000103950500488
0.000117063522339
0.000144004821777
0.000143766403198
8.79764556885e-05
0.000365972518921
0.000555038452148
0.000591039657593
0.000686883926392
0.000503063201904
0.000124931335449
0.00175714492798
0.0031578540802
0.000587940216064
0.00494003295898
0.000158071517944
0.00203919410706
0.00956392288208
0.000501871109009
0.000212907791138
0.0001220703125
0.000102996826172
8.29696655273e-05
6.48498535156e-05
8.79764556885e-05
0.0039918422699
0.00217795372009
0.00723695755005
9.17911529541e-05
0.00584101676941
0.000102043151855
0.000415086746216
0.000489234924316
8.89301300049e-05
0.000101089477539
8.29696655273e-05
8.70227813721e-05
0.000118017196655
0.000850915908813
0.00305795669556
0.000499963760376
0.00974011421204
0.000561952590942
0.000468015670776
0.00481796264648
0.00134778022766
0.000469923019409
0.00473403930664
0.0138862133026
0.00059700012207
0.00217294692993
0.000101089477539
0.000585079193115
0.00191593170166
0.0214400291443
0.0139608383179
0.000144958496094
0.000572919845581
0.00424098968506
0.000542879104614
0.000735998153687
0.00925493240356
0.00127196311951
0.000619888305664
0.000427007675171
0.00302886962891
0.0111379623413
0.011253118515
0.00423192977905
0.000171184539795
8.98838043213e-05
0.00469613075256
6.19888305664e-05
7.91549682617e-05
0.000132083892822
0.000197172164917
0.000118970870972
6.69956207275e-05
0.000363826751709
0.000480175018311
0.000831842422485
0.000593185424805
0.0016450881958
0.0052809715271
6.79492950439e-05
0.000271081924438
0.0124199390411
0.00595498085022
0.000174045562744
7.00950622559e-05
0.000155925750732
0.00406408309937
0.0001540184021
0.000109910964966
0.00068211555481
0.00037693977356
0.000754117965698
0.00535702705383
0.000102043151855
0.000128984451294
8.01086425781e-05
8.20159912109e-05
7.82012939453e-05
5.3882598877e-05
6.103515625e-05
0.00440716743469
0.000504016876221
0.000774145126343
0.000892877578735
8.51154327393e-05
0.00325989723206
0.00393104553223
0.00404477119446
0.00435709953308
0.00694298744202
0.000342130661011
0.00469017028809
0.0074999332428
0.00329184532166
0.00032901763916
0.00418901443481
0.000447988510132
0.00482201576233
0.00310206413269
0.000330924987793
0.000319957733154
0.00127506256104
0.00635385513306
0.000560998916626
0.00382900238037
0.00119209289551
0.00149297714233
0.0153250694275
0.00679111480713
0.00361013412476
0.00157499313354
0.00421595573425
0.0104320049286
0.00039005279541
0.000304937362671
0.0129189491272
0.000136852264404
0.00338888168335
0.000331878662109
0.000302076339722
0.00351095199585
0.00010085105896
0.0147571563721
0.00551104545593
0.0015709400177
0.000427961349487
0.000121831893921
0.0111320018768
0.00370097160339
0.000163793563843
7.31945037842e-05
5.00679016113e-05
5.79357147217e-05
9.98973846436e-05
0.000318050384521
0.00826406478882
0.00047492980957
0.00122499465942
7.29560852051e-05
0.000123977661133
9.01222229004e-05
4.91142272949e-05
6.69956207275e-05
6.98566436768e-05
9.3936920166e-05
9.20295715332e-05
8.29696655273e-05
8.98838043213e-05
0.000144004821777
9.10758972168e-05
0.000379800796509
0.000842809677124
0.000595092773438
0.0101969242096
9.98973846436e-05
0.0001220703125
6.50882720947e-05
0.000125885009766
9.60826873779e-05
0.000232934951782
0.000522136688232
0.000460147857666
0.000655889511108
0.000810146331787
0.00521993637085
0.00879287719727
0.00724291801453
0.00371599197388
0.00547289848328
0.00508880615234
0.0028829574585
0.000139951705933
0.000553846359253
0.000118970870972
0.00327396392822
0.00440096855164
0.00304794311523
0.00548696517944
0.000333786010742
0.000455856323242
0.000106811523438
0.00012993812561
7.82012939453e-05
0.00701904296875
0.00169205665588
9.89437103271e-05
8.39233398438e-05
0.000226020812988
0.000591993331909
0.00163888931274
8.29696655273e-05
0.0031259059906
0.00484490394592
7.08103179932e-05
0.000395059585571
0.000890016555786
0.00317907333374
0.00402617454529
0.00113415718079
0.000354051589966
0.0030951499939
0.00199198722839
0.0104458332062
0.00282907485962
0.0134620666504
0.000410079956055
0.00188302993774
0.000536918640137
0.00608992576599
0.00044584274292
0.000422954559326
0.00485992431641
0.0196690559387
0.00158190727234
0.00519394874573
0.00430202484131
0.000331163406372
0.00486612319946
5.79357147217e-05
0.000270128250122
0.000308036804199
0.00639581680298
0.00032114982605
0.00361704826355
0.010617017746
0.000174999237061
0.00046706199646
0.000432014465332
0.00168490409851
0.00056791305542
0.000149011611938
8.48770141602e-05
0.000144004821777
8.01086425781e-05
5.10215759277e-05
0.00301289558411
8.29696655273e-05
0.000717878341675
0.000113010406494
0.000324010848999
0.00596809387207
0.00679302215576
0.000430107116699
0.00448799133301
0.000135183334351
9.58442687988e-05
0.000146150588989
4.6968460083e-05
8.10623168945e-05
7.70092010498e-05
0.00709104537964
0.0167188644409
0.00011682510376
8.41617584229e-05
9.32216644287e-05
6.91413879395e-05
0.000993967056274
0.000103950500488
0.000440835952759
0.000133991241455
8.17775726318e-05
0.000642776489258
6.41345977783e-05
0.000185966491699
4.88758087158e-05
0.000463962554932
0.000326156616211
0.00043797492981
0.000859975814819
0.000433921813965
0.000334024429321
0.000548124313354
0.00370287895203
0.00398898124695
0.00388097763062
0.00411796569824
0.00604581832886
0.00340700149536
0.00400590896606
0.00525403022766
0.000131130218506
0.00969910621643
6.98566436768e-05
0.000130891799927
0.000535011291504
5.19752502441e-05
5.29289245605e-05
8.89301300049e-05
0.0136890411377
8.79764556885e-05
0.000131130218506
0.000114917755127
0.00031304359436
9.3936920166e-05
0.000349998474121
0.00107407569885
0.00195789337158
0.000422954559326
0.00356101989746
0.00035285949707
0.00167608261108
0.00227999687195
0.0038321018219
0.00388288497925
8.20159912109e-05
0.000355005264282
0.000422954559326
0.0048520565033
0.00542283058167
0.00418519973755
0.00400280952454
0.000463008880615
0.00379109382629
0.00543022155762
0.000939130783081
0.000439882278442
0.00783896446228
0.000530004501343
0.000910997390747
0.000335931777954
0.00253891944885
0.000308036804199
0.000514984130859
7.39097595215e-05
0.00120782852173
0.00470900535583
0.000488042831421
0.000432014465332
0.00883102416992
0.00155210494995
0.0140919685364
0.00582814216614
0.00585794448853
0.00365710258484
0.000121116638184
0.000103950500488
9.29832458496e-05
4.29153442383e-05
4.88758087158e-05
7.70092010498e-05
0.00800108909607
6.5803527832e-05
6.19888305664e-05
0.00820302963257
0.00827598571777
9.41753387451e-05
7.41481781006e-05
4.91142272949e-05
5.31673431396e-05
5.31673431396e-05
0.000392198562622
0.00073504447937
0.00152921676636
0.0129590034485
0.0113070011139
0.000406980514526
0.00082802772522
0.000129222869873
0.00034499168396
0.00383114814758
0.00154709815979
0.000473976135254
0.000509023666382
0.000119924545288
0.000581979751587
0.0089750289917
0.00209593772888
0.00610184669495
0.00360178947449
0.000497817993164
0.000174045562744
0.00180101394653
0.00311088562012
0.00939798355103
0.00510907173157
0.000347137451172
0.00399398803711
0.00537085533142
0.000699996948242
0.000413179397583
0.00535297393799
0.000102996826172
0.000268936157227
0.000585079193115
0.000184059143066
0.000121831893921
0.00032901763916
9.3936920166e-05
9.98973846436e-05
6.50882720947e-05
0.000163078308105
0.000111818313599
0.000101089477539
0.000463962554932
9.89437103271e-05
0.000128984451294
0.00136089324951
0.000513076782227
0.000554084777832
0.00291991233826
0.00406908988953
0.00526189804077
0.00398397445679
0.00671601295471
0.000307083129883
0.00311398506165
0.00698399543762
8.32080841064e-05
6.50882720947e-05
0.00453686714172
6.00814819336e-05
7.48634338379e-05
0.000153064727783
6.69956207275e-05
6.69956207275e-05
0.000217914581299
0.000468969345093
0.000581979751587
0.000422954559326
0.0117750167847
0.000322818756104
0.000334024429321
0.00243210792542
0.00165987014771
0.00807404518127
0.00130295753479
0.0024688243866
0.00494289398193
0.00391006469727
0.000138998031616
0.00539803504944
0.000517845153809
0.00191617012024
0.00187683105469
0.0117740631104
0.000394821166992
0.000296831130981
0.00696206092834
0.000616073608398
0.0118341445923
0.00342798233032
0.000153064727783
6.00814819336e-05
0.000810861587524
4.6968460083e-05
0.000131845474243
5.29289245605e-05
4.88758087158e-05
8.20159912109e-05
4.6968460083e-05
4.19616699219e-05
4.91142272949e-05
0.00499391555786
0.000347137451172
0.00280690193176
9.20295715332e-05
6.89029693604e-05
0.0109238624573
0.000399827957153
0.000895977020264
0.0001220703125
0.000349044799805
0.000389814376831
0.000566959381104
0.000117063522339
0.000833988189697
0.00345492362976
0.00591897964478
0.000126123428345
0.000316858291626
0.00410294532776
0.00485110282898
0.000489950180054
0.00392198562622
0.000123023986816
0.000424861907959
9.48905944824e-05
5.41210174561e-05
0.00432515144348
6.29425048828e-05
0.0043580532074
0.000119924545288
0.000165939331055
0.000182867050171
6.60419464111e-05
0.000755071640015
0.000380992889404
0.000617980957031
0.000488996505737
0.000429153442383
0.00347709655762
0.0025269985199
0.0046489238739
0.00336813926697
0.00972890853882
0.00330185890198
0.005038022995
0.0117990970612
0.00518083572388
0.000323057174683
0.0018949508667
0.00348496437073
0.0181159973145
0.000182867050171
0.000149965286255
0.000128030776978
5.69820404053e-05
7.70092010498e-05
5.69820404053e-05
7.89165496826e-05
7.89165496826e-05
9.70363616943e-05
7.79628753662e-05
7.60555267334e-05
0.000957012176514
0.000510931015015
7.20024108887e-05
0.000382900238037
0.00042200088501
9.51290130615e-05
0.000120878219604
0.0139892101288
0.000562191009521
0.0126779079437
0.00542593002319
0.00123500823975
0.00045108795166
0.000455141067505
0.00117588043213
0.00297594070435
0.00458598136902
0.000357151031494
0.00128412246704
0.00549602508545
0.00329995155334
0.00286602973938
0.00569295883179
0.00618410110474
0.00286197662354
0.00513696670532
0.000347852706909
0.00953507423401
0.00584411621094
0.012668132782
0.000542163848877
0.011302947998
0.00261187553406
0.000308036804199
0.00385713577271
0.00032901763916
0.000320911407471
0.000463008880615
0.00338411331177
0.00155687332153
0.00824117660522
0.000375986099243
0.0001220703125
0.0001220703125
0.000517129898071
0.00354099273682
0.0001060962677
0.00354409217834
7.5101852417e-05
5.79357147217e-05
7.89165496826e-05
0.00823497772217
6.50882720947e-05
9.48905944824e-05
6.41345977783e-05
7.60555267334e-05
4.38690185547e-05
0.000497102737427
5.60283660889e-05
5.91278076172e-05
0.00031590461731
0.000133991241455
5.50746917725e-05
0.000148057937622
6.29425048828e-05
0.00124883651733
9.29832458496e-05
0.000127077102661
0.00200486183167
0.00037407875061
0.0017569065094
6.89029693604e-05
5.10215759277e-05
0.00136518478394
6.91413879395e-05
0.000468015670776
0.000797986984253
0.000472068786621
0.000310897827148
0.0105521678925
0.000144958496094
0.00025486946106
0.000516176223755
0.0167138576508
0.000700950622559
0.00112318992615
0.0111169815063
0.000334024429321
0.0039598941803
0.0040910243988
0.00329613685608
0.00455904006958
0.0046660900116
0.00379800796509
0.00742602348328
0.00402498245239
5.98430633545e-05
0.000279188156128
0.000324964523315
0.000504016876221
0.00698590278625
0.000140905380249
0.00412797927856
8.79764556885e-05
0.000151872634888
9.3936920166e-05
0.000180006027222
9.79900360107e-05
0.000607013702393
0.000453948974609
0.000448942184448
0.000533103942871
0.0112600326538
0.00188803672791
0.00310802459717
0.0001060962677
0.00555300712585
0.00629591941833
8.89301300049e-05
0.00267100334167
0.00193285942078
0.000141143798828
7.82012939453e-05
6.29425048828e-05
0.00197887420654
0.00468182563782
9.98973846436e-05
0.00325703620911
0.000712871551514
0.00107908248901
0.0129070281982
0.0110640525818
0.0154469013214
0.000475883483887
0.000515937805176
0.00151896476746
0.0139329433441
0.000334024429321
0.000568866729736
0.00213098526001
0.00419592857361
0.00122308731079
0.000326871871948
0.00793886184692
0.00373697280884
0.000312089920044
0.000709056854248
0.000427961349487
0.00193405151367
0.000111103057861
0.00492906570435
0.00513005256653
0.000456809997559
0.00248193740845
0.00081205368042
0.000268936157227
0.000290870666504
6.98566436768e-05
0.0079550743103
0.0108511447906
0.00551080703735
0.000132083892822
6.69956207275e-05
0.000509977340698
7.60555267334e-05
5.81741333008e-05
8.98838043213e-05
0.00343608856201
8.89301300049e-05
7.91549682617e-05
5.69820404053e-05
9.60826873779e-05
6.48498535156e-05
0.000363111495972
0.000113010406494
0.000423192977905
0.00125813484192
0.00032377243042
0.00301694869995
0.000104904174805
6.60419464111e-05
7.00950622559e-05
7.29560852051e-05
8.29696655273e-05
0.00278997421265
9.08374786377e-05
0.00394010543823
0.00618600845337
0.000149011611938
0.00730490684509
0.000324010848999
0.00427007675171
0.0137810707092
8.39233398438e-05
5.19752502441e-05
0.00380086898804
0.000224113464355
0.000362157821655
0.000109910964966
0.000614881515503
0.000405073165894
0.00419497489929
0.000546932220459
0.000365972518921
0.000454187393188
0.00348401069641
0.00499200820923
0.000906944274902
0.00134301185608
0.00432705879211
0.00316214561462
0.00704193115234
0.00160217285156
0.00975298881531
0.000118970870972
8.70227813721e-05
4.38690185547e-05
0.000128030776978
0.000370979309082
0.000290155410767
0.00924301147461
0.00474500656128
0.0121331214905
9.70363616943e-05
0.000101089477539
9.51290130615e-05
7.00950622559e-05
6.69956207275e-05
7.31945037842e-05
0.00486302375793
5.29289245605e-05
6.41345977783e-05
0.00068998336792
0.00101709365845
0.000441789627075
0.00472784042358
0.00508809089661
0.000638008117676
0.000552892684937
0.000510931015015
0.00655913352966
0.00329613685608
0.000124216079712
0.00597906112671
0.00392007827759
0.00190019607544
0.000170946121216
0.000104904174805
0.000485897064209
5.31673431396e-05
0.000130176544189
0.0121068954468
0.000111818313599
0.00393009185791
0.00478005409241
8.82148742676e-05
6.69956207275e-05
5.98430633545e-05
0.00434112548828
0.000530958175659
0.000141143798828
0.00499081611633
0.000481843948364
0.000553846359253
0.00862097740173
8.79764556885e-05
0.000114917755127
0.0019428730011
0.00381994247437
0.00917196273804
0.000519037246704
0.000845909118652
0.000138998031616
0.000476121902466
0.000773191452026
0.000952005386353
0.0154619216919
0.000100135803223
0.000365018844604
0.00233888626099
0.00569796562195
0.000404119491577
0.000351905822754
0.000405073165894
0.000452041625977
0.00350880622864
0.00374794006348
0.00376105308533
0.000553131103516
0.00674295425415
0.00344800949097
0.0103499889374
0.00176310539246
0.0140640735626
0.00447511672974
0.000325918197632
0.000306129455566
0.000102996826172
0.0080931186676
0.0101890563965
0.000111103057861
4.48226928711e-05
0.000133991241455
4.79221343994e-05
4.41074371338e-05
6.41345977783e-05
0.0133609771729
6.89029693604e-05
4.6968460083e-05
0.000124931335449
0.000226020812988
0.0128970146179
0.000612020492554
0.000439882278442
0.00142288208008
0.000463962554932
0.000453948974609
0.000404119491577
0.000736951828003
0.000509023666382
0.00182580947876
0.00578784942627
0.000147104263306
0.000190019607544
0.00549912452698
0.00181317329407
0.000109910964966
0.000116109848022
5.98430633545e-05
0.00463008880615
0.000110149383545
0.000109910964966
0.000478982925415
0.000108003616333
0.000495910644531
0.000103950500488
0.0018310546875
0.011479139328
0.000110149383545
0.000126123428345
0.000676155090332
0.00180602073669
9.01222229004e-05
6.38961791992e-05
9.29832458496e-05
6.79492950439e-05
4.79221343994e-05
7.10487365723e-05
0.000362873077393
0.00034499168396
0.000133991241455
0.00480985641479
7.10487365723e-05
4.98294830322e-05
0.007817029953
8.70227813721e-05
0.000447034835815
0.000854969024658
0.0107438564301
0.000202894210815
0.000498056411743
0.000153064727783
0.000442981719971
0.000750064849854
0.000627040863037
0.00751399993896
0.000656127929688
0.000292062759399
0.000495910644531
0.000570774078369
0.000441074371338
0.00329494476318
0.00368499755859
0.000914096832275
0.00446796417236
0.000424146652222
0.000130891799927
0.00012993812561
7.5101852417e-05
7.89165496826e-05
7.5101852417e-05
9.89437103271e-05
0.000379085540771
0.000118017196655
8.70227813721e-05
0.00541496276855
9.10758972168e-05
9.10758972168e-05
0.0105729103088
0.000418901443481
0.000128984451294
0.000845193862915
0.000656843185425
0.00645995140076
0.00374698638916
0.00551390647888
0.00431799888611
0.00529003143311
0.00137495994568
0.00288105010986
0.00160908699036
0.00402784347534
0.0122611522675
0.0190517902374
0.00450491905212
0.00452899932861
0.000486135482788
0.00413012504578
0.00178194046021
0.00467205047607
0.00540399551392
0.00526714324951
0.00065803527832
0.00428485870361
0.00679993629456
0.000334024429321
0.00068187713623
0.0115270614624
0.00166201591492
0.00131797790527
0.000891208648682
8.58306884766e-05
0.000102996826172
0.00662899017334
0.000171899795532
0.00343608856201
0.0139009952545
0.000133991241455
0.00165796279907
0.00294208526611
9.3936920166e-05
6.29425048828e-05
0.000429153442383
0.00893712043762
9.48905944824e-05
0.0001540184021
0.000453948974609
0.00184488296509
0.000437021255493
7.70092010498e-05
7.79628753662e-05
0.00345993041992
0.000509977340698
4.91142272949e-05
5.10215759277e-05
0.000372171401978
0.0138518810272
0.00171303749084
0.0120542049408
0.000450134277344
0.00090503692627
0.000429153442383
0.00919103622437
0.000324964523315
0.000895023345947
0.000462055206299
0.00010085105896
0.000124931335449
0.00303506851196
0.000102043151855
5.41210174561e-05
0.0028350353241
0.00410294532776
7.29560852051e-05
6.103515625e-05
3.981590271e-05
0.00512480735779
0.00567817687988
0.000284910202026
6.38961791992e-05
8.89301300049e-05
0.000326871871948
0.000412225723267
4.60147857666e-05
6.38961791992e-05
4.2200088501e-05
0.00316691398621
0.000314950942993
7.00950622559e-05
0.000427961349487
0.00039005279541
9.98973846436e-05
0.00225901603699
0.000343084335327
8.51154327393e-05
0.00052285194397
9.17911529541e-05
0.00123906135559
0.000757932662964
8.79764556885e-05
0.000102996826172
8.79764556885e-05
0.000494003295898
0.000634908676147
0.00047492980957
0.000515937805176
0.000380992889404
0.00172519683838
0.000439882278442
0.000394821166992
0.00156092643738
0.0117230415344
0.00402402877808
0.000683069229126
0.00032901763916
0.000300884246826
0.00449419021606
0.00718092918396
0.0153398513794
0.000101089477539
0.00339508056641
0.000325918197632
0.00565814971924
0.00279211997986
0.00373411178589
0.0137338638306
0.00852799415588
0.000338077545166
0.00051212310791
0.00669288635254
0.000785112380981
0.000303030014038
0.000142097473145
0.00747203826904
0.00548911094666
0.000331878662109
0.00342583656311
0.0127739906311
0.000308990478516
0.000110149383545
0.000185966491699
0.000461101531982
0.00195288658142
0.00311803817749
0.000133991241455
9.79900360107e-05
8.89301300049e-05
0.000113010406494
5.91278076172e-05
4.10079956055e-05
5.29289245605e-05
0.00611519813538
0.00015115737915
6.89029693604e-05
0.000118970870972
4.98294830322e-05
0.00012993812561
6.29425048828e-05
0.00998282432556
0.0117321014404
6.5803527832e-05
8.70227813721e-05
7.60555267334e-05
4.88758087158e-05
6.00814819336e-05
5.48362731934e-05
8.9168548584e-05
4.50611114502e-05
6.69956207275e-05
0.000102996826172
7.60555267334e-05
0.000247001647949
9.60826873779e-05
7.20024108887e-05
7.48634338379e-05
0.000149011611938
6.89029693604e-05
0.00031590461731
6.69956207275e-05
9.10758972168e-05
6.19888305664e-05
0.00115513801575
0.000469923019409
0.00107097625732
7.39097595215e-05
0.000371932983398
0.000453948974609
0.000395059585571
0.000411033630371
0.00101709365845
0.00035285949707
0.000507116317749
0.00155019760132
0.000330209732056
0.00069522857666
0.000358104705811
0.000683069229126
0.000322103500366
0.00031304359436
0.000375986099243
0.00210499763489
0.001216173172
0.000312089920044
7.41481781006e-05
0.00572681427002
0.0140521526337
0.00158500671387
0.0118260383606
0.000538110733032
0.0019359588623
0.00355291366577
0.000489950180054
0.000357866287231
0.0128781795502
0.0012731552124
0.0029730796814
0.0141160488129
0.000133037567139
0.00341701507568
0.00826787948608
0.0180010795593
0.00371503829956
0.000115156173706
0.0016918182373
0.00047492980957
0.0089099407196
0.00160193443298
0.000105857849121
0.000446081161499
0.000411033630371
0.0126338005066
0.0122399330139
0.000171899795532
8.6784362793e-05
4.91142272949e-05
0.000110864639282
5.88893890381e-05
0.000105857849121
0.000133037567139
4.60147857666e-05
0.000107049942017
0.000216007232666
0.00308513641357
0.000446081161499
0.00116896629333
0.000601053237915
0.000264883041382
0.00011420249939
9.01222229004e-05
4.29153442383e-05
4.79221343994e-05
4.00543212891e-05
5.3882598877e-05
5.69820404053e-05
0.000956058502197
0.000121831893921
6.38961791992e-05
7.39097595215e-05
0.000143051147461
6.69956207275e-05
0.000184059143066
7.00950622559e-05
0.00944781303406
0.0101590156555
6.69956207275e-05
0.000113964080811
5.91278076172e-05
5.3882598877e-05
8.60691070557e-05
8.32080841064e-05
7.10487365723e-05
7.70092010498e-05
0.000367879867554
0.000591039657593
0.0012948513031
0.000404119491577
0.00184202194214
0.000848054885864
0.000450849533081
0.00052285194397
0.000911951065063
0.00279998779297
0.00215792655945
0.0023341178894
0.006676197052
0.000553131103516
0.000411987304688
0.00939202308655
0.000349998474121
0.00462889671326
0.000603914260864
0.000478029251099
0.000468015670776
0.000189065933228
0.00797390937805
0.0174930095673
0.00394988059998
0.00722885131836
0.000546932220459
0.013335943222
0.00338578224182
0.00171804428101
0.000365972518921
0.000321865081787
0.000119924545288
0.000326871871948
0.0126388072968
0.00942516326904
0.00399994850159
0.000119924545288
8.98838043213e-05
0.00346302986145
0.0105040073395
0.000100135803223
0.000138998031616
0.00379610061646
0.00623488426208
0.000175952911377
0.000573873519897
0.000182867050171
0.0001060962677
0.000125885009766
6.98566436768e-05
7.60555267334e-05
9.29832458496e-05
7.20024108887e-05
0.000226974487305
6.31809234619e-05
6.60419464111e-05
0.000214099884033
0.00133609771729
8.98838043213e-05
9.79900360107e-05
0.000110149383545
0.00837707519531
0.000204086303711
6.98566436768e-05
0.00128102302551
0.00523400306702
0.0169270038605
7.20024108887e-05
0.00850701332092
0.000312089920044
0.000369071960449
0.00032901763916
0.000611066818237
0.000507116317749
0.00085711479187
0.000180006027222
0.00159811973572
0.000396013259888
0.0001380443573
0.000329971313477
0.000100135803223
0.000509977340698
0.000355005264282
6.50882720947e-05
7.60555267334e-05
0.000886201858521
4.38690185547e-05
6.69956207275e-05
0.00229597091675
0.0001060962677
8.70227813721e-05
7.60555267334e-05
0.000316143035889
9.10758972168e-05
9.51290130615e-05
7.5101852417e-05
0.000465869903564
0.000581979751587
0.000421047210693
0.000301837921143
0.000380992889404
0.00128602981567
0.00242209434509
0.00644087791443
0.00422501564026
0.000350952148438
0.00673294067383
0.00434994697571
0.0028760433197
0.0127248764038
0.00172400474548
0.00708699226379
0.0140788555145
0.000664949417114
0.00167298316956
0.00676584243774
0.0013370513916
0.0134999752045
0.000746965408325
0.000533103942871
0.000437021255493
0.00351500511169
0.00572109222412
0.00208210945129
0.000182867050171
0.000159978866577
0.00164794921875
0.000633001327515
0.000220775604248
0.000151872634888
0.000428915023804
0.0155279636383
7.79628753662e-05
0.000434160232544
0.000339031219482
0.000308036804199
0.000111103057861
0.0059871673584
0.00683617591858
5.31673431396e-05
0.000349998474121
0.001620054245
9.70363616943e-05
0.00408697128296
0.00158381462097
7.79628753662e-05
7.89165496826e-05
0.000158071517944
8.20159912109e-05
0.000545978546143
0.000225782394409
0.000226020812988
7.89165496826e-05
5.60283660889e-05
0.00019097328186
0.000152111053467
6.79492950439e-05
0.000111103057861
0.000144004821777
8.82148742676e-05
9.79900360107e-05
0.00014591217041
8.60691070557e-05
6.69956207275e-05
7.10487365723e-05
0.00336003303528
9.20295715332e-05
0.000182867050171
7.00950622559e-05
6.69956207275e-05
7.41481781006e-05
7.58171081543e-05
5.91278076172e-05
6.91413879395e-05
5.98430633545e-05
0.000231981277466
0.000375986099243
0.00062108039856
0.000575065612793
0.0011100769043
0.00059700012207
0.000424861907959
0.000361919403076
0.000512838363647
0.00163197517395
0.000498056411743
0.000416040420532
0.00159406661987
0.000108003616333
0.0010359287262
0.00318384170532
0.00414800643921
0.000433921813965
0.0072979927063
0.000341892242432
0.00332379341125
0.00183606147766
0.000821113586426
0.00890493392944
0.00764393806458
0.000320911407471
0.00052285194397
0.00969696044922
0.00141286849976
0.00447916984558
0.000102996826172
0.0164029598236
0.000395059585571
0.00523996353149
0.000404119491577
0.0115900039673
0.0001220703125
0.000473022460938
0.00925397872925
0.0102469921112
0.000427961349487
0.00158500671387
0.00306010246277
0.000150918960571
5.41210174561e-05
0.01176404953
0.000217199325562
9.3936920166e-05
7.29560852051e-05
0.000107049942017
0.000382900238037
0.000293016433716
0.0141150951385
0.000118970870972
5.19752502441e-05
5.29289245605e-05
5.69820404053e-05
5.72204589844e-05
0.0135781764984
6.38961791992e-05
0.00325608253479
0.000162839889526
9.29832458496e-05
5.60283660889e-05
7.39097595215e-05
7.20024108887e-05
0.0012788772583
7.29560852051e-05
0.000117063522339
0.000448942184448
9.20295715332e-05
0.000294923782349
0.000198125839233
0.00533819198608
0.0113749504089
0.000157117843628
0.000198125839233
9.79900360107e-05
0.000419139862061
5.50746917725e-05
3.981590271e-05
0.00189280509949
0.000455141067505
0.00180602073669
0.000611782073975
0.0131940841675
8.51154327393e-05
0.000327110290527
5.81741333008e-05
5.41210174561e-05
5.60283660889e-05
5.79357147217e-05
6.48498535156e-05
4.48226928711e-05
4.91142272949e-05
5.10215759277e-05
0.00293803215027
0.00733304023743
0.00538396835327
0.0130491256714
0.00886607170105
0.000119924545288
0.000440835952759
0.000100135803223
6.29425048828e-05
7.70092010498e-05
0.00518107414246
4.6968460083e-05
0.0104038715363
8.29696655273e-05
7.89165496826e-05
0.0001380443573
6.19888305664e-05
5.50746917725e-05
0.000223159790039
